0.208811062469599 0.226067471679323
0.200472517545688 0.224075687787875
0.24390243902439 0.276857960911241
0.239524702939337 0.241628283331259
0.218191925508999 0.237146769575501
0.215551386283094 0.232914228806175
0.208394135223404 0.233661147765467
0.209366965464526 0.226316444665754
0.212285456187895 0.242499688783767
0.223403516086443 0.25980331134072
0.235077478979918 0.237146769575501
0.225696615940518 0.244118013195568
0.22805920366896 0.240383418399104
0.223542491835175 0.246607743059878
0.22771176429713 0.240881364371966
0.211729553192968 0.234532553217976
0.212563407685359 0.233412174779037
0.210131332082552 0.228432715050417
0.223334028212077 0.235777418150131
0.225071225071225 0.22781028258434
0.217080119519144 0.250217851363127
0.233131818497672 0.260674716793228
0.20401639913835 0.236648823602639
0.253213814189424 0.283331258558446
0.223889931207004 0.23826714801444
0.277812521714961 0.259554338354289
0.209714404836356 0.223079795842151
0.253005350566326 0.27138055520976
0.2118685289417 0.226316444665754
0.232436939754013 0.257438067969625
0.240983948301022 0.250591310842774
0.224237370578834 0.241005850865181
0.198248905565979 0.20602514627163
0.199291223681468 0.215486119756006
0.228267667292058 0.243869040209137
0.207838232228476 0.225196066226814
0.216246265026753 0.23054898543508
0.222361197970954 0.257189094983194
0.206865401987353 0.220590065977841
0.202696129525398 0.213369849371343
0.225418664443055 0.231295904394373
0.246265026752832 0.259305365367858
0.213327774303384 0.235403958670484
0.215690362031825 0.246234283580232
0.228267667292058 0.233412174779037
0.214995483288166 0.229677579982572
0.337363630046557 0.293041205029254
0.249461468973664 0.270011203784389
0.236814675839066 0.239636499439811
0.210061844208186 0.227187850118262
0.232714891251477 0.249719905390265
0.230074352025572 0.236150877629777
0.241887290667779 0.283206772065231
0.217080119519144 0.238142661521225
0.219512195121951 0.232416282833313
0.221388367729831 0.234034607245114
0.238204433326385 0.259927797833935
0.254186644430547 0.276360014938379
0.214370092418873 0.232291796340097
0.208185671600306 0.213494335864559
0.211243138072406 0.223702228308229
0.212285456187895 0.228557201543633
0.206170523243694 0.224947093240383
0.215481898408728 0.239760985933026
0.233757209366965 0.257189094983194
0.319852685706344 0.270633636250467
0.210339795705649 0.230922444914727
0.221388367729831 0.229802066475787
0.211382113821138 0.230051039462218
0.268987561670488 0.267396987426864
0.2118685289417 0.216979957674592
0.231603085261622 0.250217851363127
0.225279688694323 0.234283580231545
0.23146410951289 0.247230175525955
0.219790146619415 0.238765093987302
0.212354944062261 0.224573633760737
0.219720658745049 0.230673471928296
0.229657424779376 0.23054898543508
0.220276561739976 0.248350553964895
0.211729553192968 0.227934769077555
0.223473003960809 0.33424623428358
0.216107289278021 0.227187850118262
0.221805294976027 0.241628283331259
0.220415537488708 0.233785634258683
0.2243068584532 0.240632391385535
0.209436453338892 0.23054898543508
0.219651170870683 0.238516121000871
0.262594677228824 0.29453504294784
0.231533597387256 0.255321797584962
0.201931762907373 0.218349309099963
0.211938016816066 0.240258931905888
0.22583559168925 0.248350553964895
0.216385240775485 0.233536661272252
0.229796400528108 0.253205527200299
0.236953651587798 0.258309473422134
0.215064971162532 0.219967633511764
0.237856993954555 0.241005850865181
0.244110902647488 0.325034233785634
0.240636508929192 0.251213743308851
0.211451601695504 0.206896551724138
0.217080119519144 0.238142661521225
0.226460982558544 0.238889580480518
0.215481898408728 0.226440931158969
0.276909179348204 0.273870285074069
0.215412410534362 0.223577741815013
0.222569661594052 0.250715797335989
0.233201306372038 0.256566662517117
0.226877909804739 0.232291796340097
0.278090473212424 0.266152122494709
0.232784379125843 0.251462716295282
0.22958793690501 0.261546122245736
0.235494406226114 0.250093364869912
0.215551386283094 0.230300012448649
0.215759849906191 0.244491472675215
0.237509554582725 0.251587202788497
0.239385727190605 0.26503174405577
0.227086373427837 0.247852607992033
0.241817802793413 0.239138553466949
0.229101521784449 0.247852607992033
0.240428045306094 0.250093364869912
0.218539364880828 0.238516121000871
0.227364324925301 0.25233412174779
0.208533110972135 0.224449147267521
0.242512681537072 0.218349309099963
0.436383851017997 0.310967260052284
0.215968313529289 0.229304120502925
0.21902578000139 0.580605004357027
0.232714891251477 0.244491472675215
0.199708150927663 0.21374330885099
0.226808421930373 0.237644715548363
0.22924049753318 0.230424498941865
0.290598290598291 0.277978339350181
0.238412896949482 0.275737582472302
0.224028906955736 0.23689779658907
0.211590577444236 0.21897174156604
0.227642276422764 0.256566662517117
0.212980334931554 0.232789742312959
0.223056076714613 0.236773310095855
0.222013758599124 0.240632391385535
0.221040928358002 0.243371094236275
0.258077965395039 0.254574878625669
0.245639635883538 0.256691149010332
0.208602598846501 0.222706336362505
0.22583559168925 0.238516121000871
0.356611771245918 0.354039586704843
0.245014245014245 0.253827959666376
0.216732680147314 0.241005850865181
0.228962546035717 0.237022283082286
0.207282329233549 0.22532055272003
0.217358071016608 0.239014066973733
0.215690362031825 0.230300012448649
0.232575915502745 0.265903149508278
0.20999235633382 0.226565417652185
0.266485998193315 0.27660898792481
0.223889931207004 0.24187725631769
0.191717045375582 0.221834930909996
0.233618233618234 0.243620067222706
0.210617747203113 0.228930661023279
0.214231116670141 0.2266899041454
0.230491279271767 0.25096477032242
0.235424918351748 0.254201419146023
0.22805920366896 0.23938752645338
0.21374470154958 0.230175525955434
0.209158501841429 0.231171417901158
0.223473003960809 0.231544877380804
0.209366965464526 0.223826714801444
0.218817316378292 0.233661147765467
0.220832464734904 0.238516121000871
0.210895698700577 0.230300012448649
0.205406156625669 0.217228930661023
0.230143839899938 0.234034607245114
0.210617747203113 0.22034109299141
0.205475644500035 0.230673471928296
0.218052949760267 0.232665255819744
0.219512195121951 0.234034607245114
0.245709123757904 0.271505041702975
0.211034674449309 0.228059255570771
0.215203946911264 0.234034607245114
0.211243138072406 0.228432715050417
0.212563407685359 0.235030499190838
0.218400389132096 0.231046931407942
0.25328330206379 0.264658284576124
0.217288583142242 0.230922444914727
0.230421791397401 0.237146769575501
0.224445834201932 0.239263039960164
0.223681467583907 0.239885472426242
0.2024876659023 0.223079795842151
0.206101035369328 0.220714552471057
0.23709262733653 0.245113905141292
0.216524216524217 0.229677579982572
0.240567021054826 0.247977094485248
0.21339726217775 0.236648823602639
0.22208324647349 0.246109797087016
0.249739420471128 0.269762230797958
0.222291710096588 0.239263039960164
0.22395941908137 0.239138553466949
0.232367451879647 0.250093364869912
0.221040928358002 0.241005850865181
0.217288583142242 0.227187850118262
0.18442081856716 0.238391634507656
0.21714960739351 0.229926552969003
0.206378986866792 0.230673471928296
0.226460982558544 0.24324660774306
0.21117365019804 0.237022283082286
0.231255645889792 0.237146769575501
0.251268153707178 0.248101580978464
0.232506427628379 0.237644715548363
0.253074838440692 0.250342337856343
0.220624001111806 0.230797958421511
0.228823570286985 0.238640607494087
0.225210200819957 0.230922444914727
0.225696615940518 0.251836175774928
0.224515322076298 0.25233412174779
0.24730734486832 0.270633636250467
0.223889931207004 0.241130337358397
0.149885345007296 0.116892817129341
0.209575429087624 0.227436823104693
0.23299284274894 0.24959541889705
0.087693697449795 0.00124486493215486
0.222639149468418 0.237520229055148
0.23709262733653 0.251587202788497
0.199777638802029 0.223577741815013
0.239663678688069 0.257438067969625
0.217080119519144 0.222955309348936
0.208533110972135 0.224200174281091
0.219998610242513 0.230922444914727
0.235772357723577 0.246732229553094
0.214439580293239 0.237893688534794
0.288583142241679 0.264782771069339
0.264470849836704 0.264409311589693
0.208463623097769 0.223577741815013
0.214092140921409 0.238391634507656
0.244805781391147 0.251462716295282
0.217288583142242 0.230673471928296
0.217010631644778 0.238640607494087
0.215690362031825 0.221212498443919
0.218956292127024 0.237520229055148
0.216176777152387 0.234906012697622
0.235841845597943 0.250217851363127
0.210409283580015 0.222332876882858
0.212980334931554 0.231544877380804
0.225210200819957 0.236773310095855
0.211382113821138 0.23303871529939
0.2336877214926 0.246732229553094
0.22583559168925 0.232416282833313
0.217497046765339 0.237022283082286
0.236675700090334 0.249221959417403
0.210895698700577 0.22917963400971
0.217913974011535 0.230922444914727
0.218330901257731 0.233163201792606
0.234452088110625 0.254699365118885
0.219373219373219 0.232665255819744
0.214578556041971 0.231544877380804
0.221805294976027 0.231793850367235
0.236536724341602 0.246607743059878
0.213119310680286 0.221088011950703
0.253839205058717 0.250217851363127
0.236606212215968 0.248350553964895
0.223056076714613 0.237022283082286
0.213675213675214 0.21897174156604
0.218539364880828 0.223204282335367
0.231047182266694 0.250715797335989
0.219095267875756 0.237146769575501
0.214022653047043 0.241752769824474
0.226044055312348 0.243869040209137
0.212632895559725 0.227561309597909
0.209089013967063 0.224324660774306
0.220415537488708 0.237146769575501
0.219651170870683 0.233163201792606
0.218052949760267 0.235403958670484
0.214509068167605 0.224822606747168
0.224515322076298 0.236150877629777
0.238551872698214 0.24324660774306
0.219859634493781 0.233536661272252
0.217497046765339 0.23440806672476
0.256132304912793 0.26640109548114
0.219651170870683 0.233661147765467
0.224862761448127 0.237644715548363
0.213605725800848 0.234159093738329
0.206101035369328 0.222208390389643
0.238482384823848 0.244118013195568
0.234591063859357 0.239014066973733
0.221457855604197 0.235030499190838
0.215898825654923 0.232914228806175
0.21902578000139 0.233287688285821
0.239107775693142 0.242997634756629
0.220415537488708 0.232665255819744
0.21374470154958 0.230300012448649
0.225071225071225 0.244864932154861
0.217983461885901 0.229553093489356
0.223750955458273 0.242126229304121
0.234035160864429 0.250840283829205
0.221944270724759 0.280841528694137
0.225974567437982 0.244740445661646
0.229657424779376 0.245985310593801
0.214787019665068 0.231046931407942
0.246751441873393 0.262417527698245
0.222222222222222 0.227063363625047
0.856646515183101 0.456616457114403
0.215551386283094 0.232789742312959
0.222986588840247 0.233536661272252
0.231186158015426 0.252583094734221
0.222847613091516 0.237769202041579
0.221179904106733 0.231295904394373
0.218330901257731 0.237271256068717
0.222291710096588 0.239138553466949
0.237509554582725 0.25096477032242
0.228406643040789 0.238765093987302
0.223056076714613 0.23826714801444
0.205197693002571 0.223328768828582
0.208463623097769 0.222706336362505
0.211312625946772 0.214988173783145
0.224237370578834 0.242250715797336
0.234591063859357 0.246607743059878
0.273365297755542 0.277978339350181
0.22055451323744 0.235777418150131
0.220762976860538 0.242375202290551
0.966854283927455 0.507904892319183
0.221874782850393 0.233785634258683
0.22277812521715 0.243744553715922
0.222917100965881 0.242748661770198
0.20811618372594 0.225694012199676
0.215481898408728 0.241628283331259
0.217844486137169 0.234781526204407
0.220762976860538 0.237395742561932
0.227572788548398 0.249097472924188
0.216315752901119 0.227685796091124
0.22055451323744 0.236026391136562
0.220693488986172 0.247230175525955
0.236119797095407 0.238640607494087
0.221249391981099 0.235279472177269
0.224098394830102 0.240134445412673
0.214717531790703 0.231046931407942
0.228893058161351 0.242873148263413
0.220415537488708 0.243495580729491
0.221874782850393 0.247354662019171
0.212910847057189 0.227685796091124
0.243832951150024 0.262168554711814
0.22465429782503 0.246109797087016
0.218330901257731 0.234283580231545
0.229032033910083 0.2355284451637
0.245153220762977 0.243620067222706
0.237787506080189 0.257687040956056
0.199360711555834 0.217975849620316
0.215759849906191 0.226565417652185
0.227364324925301 0.243122121249844
0.222917100965881 0.245238391634508
0.222708637342784 0.238391634507656
0.219442707247585 0.251338229802067
0.22055451323744 0.234159093738329
0.222152734347856 0.240632391385535
0.24015009380863 0.236524337109424
0.216454728649851 0.237893688534794
0.218886804252658 0.230673471928296
0.220832464734904 0.234906012697622
0.225557640191787 0.244740445661646
0.22993537627684 0.251711689281713
0.225905079563616 0.244366986181999
0.221249391981099 0.239512012946595
0.220485025363074 0.238765093987302
0.226530470432909 0.242997634756629
0.22208324647349 0.241752769824474
0.222222222222222 0.243620067222706
0.228754082412619 0.2355284451637
0.210478771454381 0.22395120129466
0.218400389132096 0.231046931407942
0.212076992564797 0.230797958421511
0.209158501841429 0.228806174530064
0.213188798554652 0.227187850118262
0.223056076714613 0.244864932154861
0.215412410534362 0.230300012448649
0.220693488986172 0.237893688534794
0.194079633104023 0.218722768579609
0.212702383434091 0.230175525955434
0.216871655896046 0.240632391385535
0.216246265026753 0.236524337109424
0.224932249322493 0.239263039960164
0.238899312070044 0.244366986181999
0.228545618789521 0.252458608241006
0.221527343478563 0.23689779658907
0.214439580293239 0.228432715050417
0.209297477590161 0.220092120004979
0.227155861302203 0.257189094983194
0.228684594538253 0.255072824598531
0.236675700090334 0.249844391883481
0.218261413383365 0.238889580480518
0.224584809950664 0.245985310593801
0.211590577444236 0.230922444914727
0.219442707247585 0.227934769077555
0.231672573135988 0.234906012697622
0.230977694392329 0.256566662517117
0.201584323535543 0.21648201170173
0.22243068584532 0.239885472426242
0.212841359182823 0.237022283082286
0.23299284274894 0.246981202539524
0.22277812521715 0.236399850616208
0.217358071016608 0.233536661272252
0.225001737196859 0.232042823353666
0.220068098116879 0.228308228557202
0.219929122368147 0.232540769326528
0.226599958307275 0.245238391634508
0.201514835661177 0.222581849869289
0.233479257869502 0.244740445661646
0.221457855604197 0.238765093987302
0.217288583142242 0.237022283082286
0.215412410534362 0.231918336860451
0.217219095267876 0.222706336362505
0.238829824195678 0.273496825594423
0.214092140921409 0.232789742312959
0.220276561739976 0.23303871529939
0.216593704398582 0.226316444665754
0.215203946911264 0.230300012448649
0.218052949760267 0.237893688534794
0.224445834201932 0.242375202290551
0.217219095267876 0.238765093987302
0.213536237926482 0.23440806672476
0.22771176429713 0.25233412174779
0.231394621638524 0.232291796340097
0.221040928358002 0.243495580729491
0.213675213675214 0.22781028258434
0.247098881245223 0.248226067471679
0.213883677298311 0.229802066475787
0.213466750052116 0.229428606996141
0.219234243624488 0.240258931905888
0.259815162254187 0.267272500933649
0.23709262733653 0.253827959666376
0.21304982280592 0.22917963400971
0.223125564588979 0.233910120751898
0.220485025363074 0.232416282833313
0.212771871308457 0.228557201543633
0.237370578833993 0.244118013195568
0.268014731429366 0.281712934146645
0.205614620248767 0.225071579733599
0.216524216524217 0.22781028258434
0.220485025363074 0.23440806672476
0.227850740045862 0.238889580480518
0.230491279271767 0.253952446159592
0.227225349176569 0.258433959915349
0.220276561739976 0.240881364371966
0.225418664443055 0.241628283331259
0.225974567437982 0.239512012946595
0.219164755750122 0.231295904394373
0.206378986866792 0.221336984937134
0.204224862761448 0.223328768828582
0.216385240775485 0.234283580231545
0.209853380585088 0.225071579733599
0.225071225071225 0.24324660774306
0.231742061010354 0.247230175525955
0.223403516086443 0.237893688534794
0.226322006809812 0.248599526951326
0.222152734347856 0.246732229553094
0.222500173719686 0.229926552969003
0.214161628795775 0.235030499190838
0.218956292127024 0.240632391385535
0.223125564588979 0.25233412174779
0.25293586269196 0.254699365118885
0.251198665832812 0.28681688036848
0.212910847057189 0.239512012946595
0.22395941908137 0.240134445412673
0.223889931207004 0.2355284451637
0.220762976860538 0.230922444914727
0.225349176568689 0.240258931905888
0.210131332082552 0.223079795842151
0.221874782850393 0.256691149010332
0.217010631644778 0.24187725631769
0.223195052463345 0.245362878127723
0.221805294976027 0.266774554960787
0.218191925508999 0.231295904394373
0.225766103814884 0.23689779658907
0.212910847057189 0.23054898543508
0.221944270724759 0.240881364371966
0.213814189423946 0.226191958172538
0.217913974011535 0.230797958421511
0.220762976860538 0.233661147765467
0.224793273573761 0.230424498941865
0.217844486137169 0.2266899041454
0.213675213675214 0.232416282833313
0.235424918351748 0.231420390887589
0.225627128066152 0.252085148761359
0.247029393370857 0.278227312336611
0.230421791397401 0.236150877629777
0.222500173719686 0.241628283331259
0.206934889861719 0.20602514627163
0.226738934056007 0.239636499439811
0.223542491835175 0.2355284451637
0.194149120978389 0.1985559566787
0.21527343478563 0.231046931407942
0.219929122368147 0.232167309846882
0.219581682996317 0.231918336860451
0.222013758599124 0.237644715548363
0.218539364880828 0.235652931656915
0.212632895559725 0.22395120129466
0.216941143770412 0.225196066226814
0.224723785699395 0.239263039960164
0.22020707386561 0.236648823602639
0.211104162323675 0.223204282335367
0.224445834201932 0.246607743059878
0.235980821346675 0.24573633760737
0.221457855604197 0.228681688036848
0.221457855604197 0.245113905141292
0.214092140921409 0.233412174779037
0.226460982558544 0.239885472426242
0.212910847057189 0.229677579982572
0.999305121256341 0.998755135067845
0.215759849906191 0.228806174530064
0.212424431936627 0.227561309597909
0.21902578000139 0.232540769326528
0.209853380585088 0.214988173783145
0.220485025363074 0.233536661272252
0.220693488986172 0.237395742561932
0.228615106663887 0.236524337109424
0.229448961156278 0.239138553466949
0.208741574595233 0.236275364122993
0.217983461885901 0.232789742312959
0.212146480439163 0.228681688036848
0.211451601695504 0.222581849869289
0.210478771454381 0.238391634507656
0.234660551733723 0.229055147516494
0.21117365019804 0.235777418150131
0.227364324925301 0.243620067222706
0.23334028212077 0.260799203286443
0.219373219373219 0.240009958919457
0.215134459036898 0.227436823104693
0.210965186574943 0.230673471928296
0.236814675839066 0.256068716544255
0.220346049614342 0.24710568903274
0.214717531790703 0.228432715050417
0.216871655896046 0.236648823602639
0.217219095267876 0.235403958670484
0.215203946911264 0.23166936387402
0.229101521784449 0.240258931905888
0.221457855604197 0.233661147765467
0.223195052463345 0.240632391385535
0.221596831352929 0.2355284451637
0.218330901257731 0.235652931656915
0.21867834062956 0.232167309846882
0.223611979709541 0.242126229304121
0.230769230769231 0.249346445910619
0.216315752901119 0.223577741815013
0.223611979709541 0.240507904892319
0.229101521784449 0.238640607494087
0.222013758599124 0.232665255819744
0.216454728649851 0.235154985684053
0.221040928358002 0.238889580480518
0.221735807101661 0.242624175276982
0.215690362031825 0.23166936387402
0.22208324647349 0.244740445661646
0.220832464734904 0.236648823602639
0.21562087415746 0.235777418150131
0.219929122368147 0.241752769824474
0.211660065318602 0.225445039213245
0.214231116670141 0.233910120751898
0.221249391981099 0.232042823353666
0.231047182266694 0.247603635005602
0.216871655896046 0.236524337109424
0.229448961156278 0.24187725631769
0.23486901535682 0.256068716544255
0.223264540337711 0.24324660774306
0.221388367729831 0.239138553466949
0.220971440483636 0.250217851363127
0.223403516086443 0.235777418150131
0.25175456882774 0.27523963649944
0.223750955458273 0.244242499688784
0.227850740045862 0.24324660774306
0.21562087415746 0.229926552969003
0.220068098116879 0.230175525955434
0.22243068584532 0.229428606996141
0.216732680147314 0.232789742312959
0.223264540337711 0.234781526204407
0.213814189423946 0.233785634258683
0.212980334931554 0.225942985186107
0.209227989715795 0.224449147267521
0.214578556041971 0.234781526204407
0.220485025363074 0.23440806672476
0.221944270724759 0.235154985684053
0.216246265026753 0.234159093738329
0.218539364880828 0.236150877629777
0.22465429782503 0.235777418150131
0.221805294976027 0.235652931656915
0.238829824195678 0.253952446159592
0.217844486137169 0.236150877629777
0.21527343478563 0.230922444914727
0.213188798554652 0.230424498941865
0.220832464734904 0.239263039960164
0.231950524633451 0.242748661770198
0.209575429087624 0.201917091995518
0.221318879855465 0.237395742561932
0.21867834062956 0.233163201792606
0.217288583142242 0.235030499190838
0.220832464734904 0.232914228806175
0.228962546035717 0.237271256068717
0.228545618789521 0.248226067471679
0.218817316378292 0.230175525955434
0.224098394830102 0.23826714801444
0.22924049753318 0.252832067720652
0.255228962546036 0.264658284576124
0.225140712945591 0.239636499439811
0.220276561739976 0.233412174779037
0.213675213675214 0.230051039462218
0.217705510388437 0.232416282833313
0.231394621638524 0.234906012697622
0.222152734347856 0.241254823851612
0.225279688694323 0.237395742561932
0.231603085261622 0.251089256815636
0.214717531790703 0.230424498941865
0.24015009380863 0.262293041205029
0.222639149468418 0.232665255819744
0.219651170870683 0.236150877629777
0.211034674449309 0.219843147018549
0.218956292127024 0.233412174779037
0.225905079563616 0.238391634507656
0.221249391981099 0.242250715797336
0.223820443332638 0.243495580729491
0.222917100965881 0.234781526204407
0.227086373427837 0.238018175028009
0.222013758599124 0.237022283082286
0.221805294976027 0.228059255570771
0.220068098116879 0.235403958670484
0.225279688694323 0.232914228806175
0.221179904106733 0.233785634258683
0.232853867000208 0.231046931407942
0.214022653047043 0.218100336113532
0.223611979709541 0.24187725631769
0.217288583142242 0.229428606996141
0.217219095267876 0.23303871529939
0.219442707247585 0.237146769575501
0.219442707247585 0.235154985684053
0.214787019665068 0.233910120751898
0.214439580293239 0.22781028258434
0.229865888402474 0.241254823851612
0.21680216802168 0.234159093738329
0.216107289278021 0.228059255570771
0.218539364880828 0.226316444665754
0.216593704398582 0.233412174779037
0.23146410951289 0.238889580480518
0.226460982558544 0.234159093738329
0.228337155166423 0.24461595916843
0.246195538878466 0.253205527200299
0.220762976860538 0.238142661521225
0.238273921200751 0.257064608489979
0.228545618789521 0.243371094236275
0.215551386283094 0.228432715050417
0.218400389132096 0.231295904394373
0.222152734347856 0.241130337358397
0.215481898408728 0.224573633760737
0.230143839899938 0.252707581227437
0.216524216524217 0.236773310095855
0.215064971162532 0.23303871529939
0.217913974011535 0.234159093738329
0.228893058161351 0.240009958919457
0.221040928358002 0.240507904892319
0.211312625946772 0.230175525955434
0.220415537488708 0.236524337109424
0.228198179417692 0.23689779658907
0.195399902716976 0.194074442922943
0.220485025363074 0.231793850367235
0.218469877006462 0.236524337109424
0.242929608783267 0.232665255819744
0.213883677298311 0.227436823104693
0.221874782850393 0.243371094236275
0.216107289278021 0.233661147765467
0.214231116670141 0.231171417901158
0.212146480439163 0.226316444665754
0.226530470432909 0.239512012946595
0.217219095267876 0.233661147765467
0.22020707386561 0.238765093987302
0.21527343478563 0.231295904394373
0.224723785699395 0.232789742312959
0.229865888402474 0.237520229055148
0.221805294976027 0.236150877629777
0.227225349176569 0.244864932154861
0.233270794246404 0.232540769326528
0.217288583142242 0.231544877380804
0.216593704398582 0.229677579982572
0.221249391981099 0.236150877629777
0.223889931207004 0.241379310344828
0.217844486137169 0.233163201792606
0.215134459036898 0.227312336611478
0.212215968313529 0.225694012199676
0.216941143770412 0.233785634258683
0.217080119519144 0.232665255819744
0.220137585991245 0.234034607245114
0.234799527482454 0.239636499439811
0.21714960739351 0.230797958421511
0.215829337780557 0.22395120129466
0.217705510388437 0.234159093738329
0.221249391981099 0.232042823353666
0.226599958307275 0.243371094236275
0.217913974011535 0.238765093987302
0.217080119519144 0.234657039711191
0.21117365019804 0.23054898543508
0.228893058161351 0.247230175525955
0.208324647349038 0.225071579733599
0.219512195121951 0.234283580231545
0.220971440483636 0.237644715548363
0.219651170870683 0.234781526204407
0.21562087415746 0.231544877380804
0.222708637342784 0.237769202041579
0.217913974011535 0.237271256068717
0.224098394830102 0.244740445661646
0.217774998262803 0.230175525955434
0.229379473281912 0.241254823851612
0.204433326384546 0.219220714552471
0.213258286429018 0.229428606996141
0.215342922659996 0.231046931407942
0.216871655896046 0.232416282833313
0.214648043916337 0.228432715050417
0.222986588840247 0.236026391136562
0.221318879855465 0.24075687787875
0.225210200819957 0.234906012697622
0.221457855604197 0.237893688534794
0.221388367729831 0.238765093987302
0.219859634493781 0.236648823602639
0.222847613091516 0.236150877629777
0.219234243624488 0.223328768828582
0.218539364880828 0.230797958421511
0.214995483288166 0.228183742063986
0.220137585991245 0.23440806672476
0.217913974011535 0.231295904394373
0.211312625946772 0.227685796091124
0.22243068584532 0.23826714801444
0.222639149468418 0.23938752645338
0.219095267875756 0.235652931656915
0.216176777152387 0.227187850118262
0.21902578000139 0.232665255819744
0.220971440483636 0.237893688534794
0.216663192272948 0.229553093489356
0.215968313529289 0.22781028258434
0.224237370578834 0.235279472177269
0.212702383434091 0.225196066226814
0.213188798554652 0.229304120502925
0.219164755750122 0.227934769077555
0.211382113821138 0.224573633760737
0.219373219373219 0.234283580231545
0.21562087415746 0.230424498941865
0.169619901327218 0.156852981451513
0.22090195260927 0.230424498941865
0.215064971162532 0.231295904394373
0.218261413383365 0.234657039711191
0.216176777152387 0.233163201792606
0.214300604544507 0.228681688036848
0.210061844208186 0.225694012199676
0.220346049614342 0.241752769824474
0.22020707386561 0.236524337109424
0.223473003960809 0.241254823851612
0.215551386283094 0.229304120502925
0.217636022514071 0.23440806672476
0.210131332082552 0.224324660774306
0.219720658745049 0.234159093738329
0.212910847057189 0.227436823104693
0.211590577444236 0.225694012199676
0.217705510388437 0.235777418150131
0.220137585991245 0.23440806672476
0.221318879855465 0.236524337109424
0.210826210826211 0.2266899041454
0.215412410534362 0.229428606996141
0.212493919810993 0.225942985186107
0.22055451323744 0.236026391136562
0.216246265026753 0.227063363625047
0.214995483288166 0.230175525955434
0.217844486137169 0.232540769326528
0.225696615940518 0.24075687787875
0.216663192272948 0.238889580480518
0.221318879855465 0.236026391136562
0.219929122368147 0.234906012697622
0.217983461885901 0.231793850367235
0.217913974011535 0.231420390887589
0.220832464734904 0.238640607494087
0.219095267875756 0.236275364122993
0.214161628795775 0.226814390638616
0.227642276422764 0.236275364122993
0.216663192272948 0.233661147765467
0.222500173719686 0.238640607494087
0.214856507539434 0.232042823353666
0.217497046765339 0.23303871529939
0.206656938364255 0.220465579484626
0.216941143770412 0.229553093489356
0.225488152317421 0.242624175276982
0.218608852755194 0.232540769326528
0.219373219373219 0.232042823353666
0.221040928358002 0.237893688534794
0.214509068167605 0.231171417901158
0.21152108956987 0.217477903647454
0.231742061010354 0.242997634756629
0.235633381974845 0.245611851114154
0.218608852755194 0.233910120751898
0.221944270724759 0.234781526204407
0.22924049753318 0.236524337109424
0.222361197970954 0.235777418150131
0.215690362031825 0.233163201792606
0.21680216802168 0.231793850367235
0.22465429782503 0.237644715548363
0.225696615940518 0.236524337109424
0.219373219373219 0.2355284451637
0.217705510388437 0.234781526204407
0.22243068584532 0.237520229055148
0.218886804252658 0.23054898543508
0.218330901257731 0.235403958670484
0.214161628795775 0.227312336611478
0.22055451323744 0.241503796838043
0.221666319227295 0.237395742561932
0.219651170870683 0.233536661272252
0.223611979709541 0.238765093987302
0.218886804252658 0.233536661272252
0.219581682996317 0.233536661272252
0.221179904106733 0.238018175028009
0.217358071016608 0.23440806672476
0.217705510388437 0.235777418150131
0.213675213675214 0.227063363625047
0.220068098116879 0.233785634258683
0.220068098116879 0.23440806672476
0.216732680147314 0.232416282833313
0.344242929608783 0.35715174903523
0.219373219373219 0.243371094236275
0.215968313529289 0.231420390887589
0.232853867000208 0.247230175525955
0.214787019665068 0.230922444914727
0.212215968313529 0.223577741815013
0.222708637342784 0.235777418150131
0.216107289278021 0.231420390887589
0.226044055312348 0.242250715797336
0.263011604475019 0.281961907133076
0.215690362031825 0.217851363127101
0.22277812521715 0.238018175028009
0.217497046765339 0.229802066475787
0.220485025363074 0.233412174779037
0.216037801403655 0.233785634258683
0.219512195121951 0.234657039711191
0.215759849906191 0.233536661272252
0.220971440483636 0.237395742561932
0.199847126676395 0.198431470185485
0.218469877006462 0.234657039711191
0.213536237926482 0.229926552969003
0.218469877006462 0.232291796340097
0.216315752901119 0.232789742312959
0.220832464734904 0.236150877629777
0.214439580293239 0.230175525955434
0.222847613091516 0.237644715548363
0.219512195121951 0.233536661272252
0.219720658745049 0.234781526204407
0.286290042387603 0.255321797584962
0.217497046765339 0.230424498941865
0.218886804252658 0.231793850367235
0.219373219373219 0.237644715548363
0.22208324647349 0.234781526204407
0.218956292127024 0.235901904643346
0.21714960739351 0.232540769326528
0.218400389132096 0.233661147765467
0.215412410534362 0.229677579982572
0.219929122368147 0.235652931656915
0.215759849906191 0.232789742312959
0.214161628795775 0.231046931407942
0.218330901257731 0.237022283082286
0.219512195121951 0.229802066475787
0.217010631644778 0.232042823353666
0.222569661594052 0.240009958919457
0.219998610242513 0.237271256068717
0.220276561739976 0.236524337109424
0.220137585991245 0.236399850616208
0.22020707386561 0.238889580480518
0.218886804252658 0.232042823353666
0.219581682996317 0.233536661272252
0.219164755750122 0.239263039960164
0.23181154888472 0.241130337358397
0.219998610242513 0.236524337109424
0.217080119519144 0.238889580480518
0.221527343478563 0.237893688534794
0.217358071016608 0.231544877380804
0.216037801403655 0.228930661023279
0.21902578000139 0.237644715548363
0.221527343478563 0.237520229055148
0.222569661594052 0.234906012697622
0.224237370578834 0.236275364122993
0.222847613091516 0.237520229055148
0.218747828503926 0.236150877629777
0.218747828503926 0.233287688285821
0.220346049614342 0.237893688534794
0.221388367729831 0.237395742561932
0.22465429782503 0.241005850865181
0.217913974011535 0.232416282833313
0.218817316378292 0.234034607245114
0.21680216802168 0.231295904394373
0.220832464734904 0.233536661272252
0.220971440483636 0.237146769575501
0.216941143770412 0.233287688285821
0.233618233618234 0.241503796838043
0.220624001111806 0.235777418150131
0.225627128066152 0.238765093987302
0.221179904106733 0.236648823602639
0.216107289278021 0.23689779658907
0.221040928358002 0.234034607245114
0.219095267875756 0.237022283082286
0.21527343478563 0.232540769326528
0.220068098116879 0.232665255819744
0.221249391981099 0.2355284451637
0.220137585991245 0.234159093738329
0.219998610242513 0.234283580231545
0.216454728649851 0.231918336860451
0.220068098116879 0.236150877629777
0.222361197970954 0.236026391136562
0.214092140921409 0.229677579982572
0.217566534639705 0.235154985684053
0.215829337780557 0.231918336860451
0.22055451323744 0.21125357898668
0.217566534639705 0.232665255819744
0.219859634493781 0.235154985684053
0.227016885553471 0.240134445412673
0.218400389132096 0.233287688285821
0.231950524633451 0.242748661770198
0.216037801403655 0.211004606000249
0.245431172260441 0.246732229553094
0.217497046765339 0.23166936387402
0.223264540337711 0.235777418150131
0.214231116670141 0.228681688036848
0.219164755750122 0.237146769575501
0.221110416232367 0.236026391136562
0.218608852755194 0.236275364122993
0.220346049614342 0.232416282833313
0.216176777152387 0.232042823353666
0.217010631644778 0.231295904394373
0.219303731498853 0.231544877380804
0.217844486137169 0.235154985684053
0.215481898408728 0.2266899041454
0.217983461885901 0.234159093738329
0.21714960739351 0.233287688285821
0.222986588840247 0.236026391136562
0.217219095267876 0.235030499190838
0.21867834062956 0.23689779658907
0.227989715794594 0.242624175276982
0.217636022514071 0.232416282833313
0.218608852755194 0.235901904643346
0.218400389132096 0.235279472177269
0.218052949760267 0.234781526204407
0.218122437634633 0.23303871529939
0.219234243624488 0.233536661272252
0.22055451323744 0.235030499190838
0.216107289278021 0.232167309846882
0.217983461885901 0.232540769326528
0.234313112361893 0.247603635005602
0.221596831352929 0.239014066973733
0.212632895559725 0.229553093489356
0.224932249322493 0.241005850865181
0.220415537488708 0.235030499190838
0.221805294976027 0.239636499439811
0.22055451323744 0.236150877629777
0.217288583142242 0.233287688285821
0.219859634493781 0.234532553217976
0.217566534639705 0.231171417901158
0.232714891251477 0.246981202539524
0.217010631644778 0.234657039711191
0.219164755750122 0.235030499190838
0.215481898408728 0.234657039711191
0.219998610242513 0.233785634258683
0.218261413383365 0.235030499190838
0.219790146619415 0.233661147765467
0.217219095267876 0.233287688285821
0.221040928358002 0.23689779658907
0.22277812521715 0.237146769575501
0.225279688694323 0.240632391385535
0.22055451323744 0.233910120751898
0.223056076714613 0.238018175028009
0.21714960739351 0.231918336860451
0.217774998262803 0.231171417901158
0.222291710096588 0.226565417652185
0.220971440483636 0.236648823602639
0.219303731498853 0.233412174779037
0.219442707247585 0.238018175028009
0.217219095267876 0.23166936387402
0.217844486137169 0.232665255819744
0.21562087415746 0.235154985684053
0.215829337780557 0.231918336860451
0.220485025363074 0.234532553217976
0.218956292127024 0.234034607245114
0.224515322076298 0.247230175525955
0.21714960739351 0.23303871529939
0.215968313529289 0.231295904394373
0.219373219373219 0.234906012697622
0.222222222222222 0.236399850616208
0.219651170870683 0.235154985684053
0.218330901257731 0.233412174779037
0.223611979709541 0.241503796838043
0.21562087415746 0.232914228806175
0.219581682996317 0.233661147765467
0.222639149468418 0.234283580231545
0.217913974011535 0.234283580231545
0.221318879855465 0.241379310344828
0.218122437634633 0.233785634258683
0.21902578000139 0.233163201792606
0.219859634493781 0.233163201792606
0.221874782850393 0.234781526204407
0.242304217913974 0.244118013195568
0.221596831352929 0.23440806672476
0.223403516086443 0.238018175028009
0.22055451323744 0.235777418150131
0.218747828503926 0.234159093738329
0.244527829893684 0.25731358147641
0.218261413383365 0.233910120751898
0.213675213675214 0.232291796340097
0.217219095267876 0.232914228806175
0.220415537488708 0.236773310095855
0.22055451323744 0.233412174779037
0.217427558890974 0.231420390887589
0.222291710096588 0.236399850616208
0.21714960739351 0.234159093738329
0.223889931207004 0.241005850865181
0.218747828503926 0.235652931656915
0.220276561739976 0.233785634258683
0.222639149468418 0.238640607494087
0.22277812521715 0.240009958919457
0.219164755750122 0.233287688285821
0.215342922659996 0.231295904394373
0.217010631644778 0.233412174779037
0.220137585991245 0.236275364122993
0.214995483288166 0.231544877380804
0.220276561739976 0.23440806672476
0.216593704398582 0.233287688285821
0.217358071016608 0.232665255819744
0.218261413383365 0.233785634258683
0.216246265026753 0.232416282833313
0.221874782850393 0.234657039711191
0.217358071016608 0.234532553217976
0.220832464734904 0.236524337109424
0.218330901257731 0.234034607245114
0.215690362031825 0.230922444914727
0.216732680147314 0.233910120751898
0.219303731498853 0.234906012697622
0.218469877006462 0.233785634258683
0.22020707386561 0.234657039711191
0.215551386283094 0.230797958421511
0.222639149468418 0.242126229304121
0.2149259954138 0.232665255819744
0.218052949760267 0.234034607245114
0.189145994024043 0.200423254076933
0.218886804252658 0.235403958670484
0.217636022514071 0.233661147765467
0.218400389132096 0.233412174779037
0.223681467583907 0.237520229055148
0.221179904106733 0.234657039711191
0.219303731498853 0.234657039711191
0.220971440483636 0.235279472177269
0.217566534639705 0.233287688285821
0.217010631644778 0.233163201792606
0.21867834062956 0.235279472177269
0.222639149468418 0.235279472177269
0.21562087415746 0.23054898543508
0.218817316378292 0.233785634258683
0.219373219373219 0.234283580231545
