0.67879813796022 0.802583475505728
0.676047397376217 0.749939068973922
0.703131612357173 0.803314647818669
0.695514176893779 0.812819887886912
0.686415573423614 0.728491347794297
0.758569614896318 0.860102364123812
0.733178163351672 0.791372166707287
0.793694456199746 0.97757738240312
0.683241641980533 0.758713136729222
0.634997884045705 0.66707287350719
0.73021582733813 0.787228856933951
0.685992382564537 0.916402632220327
0.696360558611934 0.8301242992932
0.765340668641557 0.774798927613941
0.749471011426153 0.835973677796734
0.673719847651291 0.726297830855472
0.679009733389759 0.782354374847673
0.67710537452391 0.743845966366074
0.691917054591621 0.706068730197417
0.721540414727042 0.713867901535462
0.731273804485823 0.770899341944918
0.722598391874736 0.800633682671216
0.663774862462971 0.707287350718986
0.633093525179856 0.696807214233488
0.760473973762167 0.838410918839873
0.700804062632247 0.773824031196685
0.713076597545493 0.764562515232757
0.748624629707998 0.851815744577139
0.702285230639018 0.721910796977821
0.579771476936098 0.606385571533025
0.668641557342362 0.755300999268828
0.70524756665256 0.794540580063368
0.725983918747355 0.786741408725323
0.656792213288193 0.708993419449184
0.653829877274651 0.770899341944918
0.719636055861193 0.792834511333171
0.670969107067287 0.70314404094565
0.712018620397799 0.783329271264928
0.734447735928904 0.765781135754326
0.684722809987304 0.78844747745552
0.773804485823106 0.777967340970022
0.710537452391028 0.786741408725323
0.636055861193398 0.712649281013892
0.663351671603893 0.738727760175481
0.6622936944562 0.730928588837436
0.697418535759628 0.777723616865708
0.742276766821837 0.765781135754326
0.711383834109183 0.770655617840605
0.70207363520948 0.803558371922983
0.673085061362675 0.757981964416281
0.712230215827338 0.799415062149647
0.733178163351672 0.737021691445284
0.69699534490055 0.799658786253961
0.735717308506136 0.756763343894711
0.749682606855692 0.768705825006093
0.663774862462971 0.737021691445284
0.754337706305544 0.795759200584938
0.742065171392298 0.815744577138679
0.673719847651291 0.750426517182549
0.681548878544223 0.726785279064099
0.747143461701227 0.879600292468925
0.68874312314854 0.717523763100171
0.63415150232755 0.677553009992688
0.693821413457469 0.771386790153546
0.760897164621244 0.776504996344138
0.68049090139653 0.747745552035096
0.696360558611934 0.767730928588837
0.669911129919594 0.776504996344138
0.757511637748625 0.822568852059469
0.693609818027931 0.714599073848404
0.723867964451968 0.783085547160614
0.651502327549725 0.735071898610773
0.681125687685146 0.754082378747258
0.675835801946678 0.711674384596637
0.767033432077867 0.762612722398245
0.684934405416843 0.823056300268097
0.677740160812526 0.707774798927614
0.717731696995345 0.770168169631977
0.653195090986035 0.715086522057032
0.675835801946678 0.739458932488423
0.641768937790944 0.682914940287595
0.764494286923403 0.847428710699488
0.743757934828608 0.80770168169632
0.733601354210749 0.804533268340239
0.762378332628015 0.816719473555935
0.681548878544223 0.734828174506459
0.665044435040203 0.740433828905679
0.663140076174355 0.739458932488423
0.680702496826069 0.745308310991957
0.629919593736775 0.69631976602486
0.668218366483284 0.718011211308799
0.769784172661871 0.787228856933951
0.68049090139653 0.752132585912747
0.735294117647059 0.777723616865708
0.709902666102412 0.785035339995126
0.710537452391028 0.73799658786254
0.657003808717732 0.68388983670485
0.675201015658062 0.725322934438216
0.706305543800254 0.758713136729222
0.617223867964452 0.640019497928345
0.677316969953449 0.745552035096271
0.707363520947948 0.733609553984889
0.722598391874736 0.763587618815501
0.638806601777402 0.718011211308799
0.687685146000846 0.747258103826468
0.68535759627592 0.716061418474287
0.705035971223022 0.735803070923714
0.64071096064325 0.69631976602486
0.698264917477783 0.756275895686083
0.983918747355057 0.997562758956861
0.72683030046551 0.812576163782598
0.71032585696149 0.801608579088472
0.685780787134998 0.728247623689983
0.647058823529412 0.716061418474287
0.682818451121456 0.720692176456252
0.705459162082099 0.783816719473556
0.732543377063055 0.832074092127711
0.717943292424884 0.786253960516695
0.719001269572577 0.824762368998294
0.631189166314008 0.683646112600536
0.706305543800254 0.743845966366074
0.69868810833686 0.728247623689983
0.729369445619975 0.75920058493785
0.72683030046551 0.803070923714355
0.689801100296234 0.76480623933707
0.719212865002116 0.737752863758226
0.683453237410072 0.761394101876676
0.706093948370715 0.800633682671216
0.703131612357173 0.801121130879844
0.746508675412611 0.811357543261028
0.704612780363944 0.768949549110407
0.746297079983072 0.74360224226176
0.692763436309776 0.708505971240556
0.651079136690647 0.727516451377041
0.641768937790944 0.70070679990251
0.649809564113415 0.704606385571533
0.804909013965298 0.803070923714355
0.66060093101989 0.708018523031928
0.747778247989843 0.768462100901779
0.709267879813796 0.745795759200585
0.712018620397799 0.757981964416281
0.770842149809564 0.782354374847673
0.670969107067287 0.715330246161345
0.790308929327127 0.738484036071167
0.70863309352518 0.724104313916646
0.643884892086331 0.705093833780161
0.650021159542954 0.75359493053863
0.718366483283961 0.738484036071167
0.702708421498096 0.765049963441384
0.719424460431655 0.783329271264928
0.699746085484554 0.74238362174019
0.717096910706729 0.789178649768462
0.679432924248836 0.725810382646844
0.663774862462971 0.721910796977821
0.669064748201439 0.755300999268828
0.680914092255607 0.76041920545942
0.664409648751587 0.724835486229588
0.739737621667372 0.820131611016329
0.729157850190436 0.773580307092372
0.67223867964452 0.715330246161345
0.698053322048244 0.721179624664879
0.667583580194668 0.730684864733122
0.722598391874736 0.857908847184987
0.717096910706729 0.758469412624909
0.681760473973762 0.737752863758226
0.73677528565383 0.797465269315135
0.730639018197207 0.777723616865708
0.734024545069827 0.796246648793566
0.701650444350402 0.784791615890812
0.754549301735083 0.814038508408482
0.767879813796022 0.760662929563734
0.701015658061786 0.758225688520595
0.704824375793483 0.773092858883744
0.70863309352518 0.803802096027297
0.687896741430385 0.770168169631977
0.871561574269996 0.842066780404582
0.687473550571308 0.739215208384109
0.70524756665256 0.767487204484524
0.815277190012696 0.832074092127711
0.681337283114685 0.805020716548867
0.665256030469742 0.725079210333902
0.68535759627592 0.738727760175481
0.75666525603047 0.805995612966122
0.673085061362675 0.743114794053132
0.719001269572577 0.755788447477456
0.71688531527719 0.745308310991957
0.741430385103682 0.766512308067268
0.727041895895049 0.758225688520595
0.663351671603893 0.687058250060931
0.70207363520948 0.747501827930782
0.68049090139653 0.758713136729222
0.702920016927634 0.76602485985864
0.671392297926365 0.736534243236656
0.692975031739314 0.748476724348038
0.684934405416843 0.734097002193517
0.670122725349132 0.705093833780161
0.838975878121033 0.783085547160614
0.679644519678375 0.761881550085303
0.683030046550995 0.737021691445284
0.737198476512907 0.763831342919815
0.695514176893779 0.768705825006093
0.707363520947948 0.7548135510602
0.661447312738045 0.754569826955886
0.689166314007617 0.789422373872776
0.673296656792213 0.681452595661711
0.677316969953449 0.716061418474287
0.65065594583157 0.698757007067999
0.767245027507406 0.848647331221058
0.787134997884046 0.776017548135511
0.705670757511638 0.827687058250061
0.790308929327127 0.808676578113575
0.664409648751587 0.717280038995857
0.660812526449429 0.705581281988789
0.673931443080829 0.722641969290763
0.687896741430385 0.77163051425786
0.693186627168853 0.73117231294175
0.685569191705459 0.741408725322934
0.997884045704613 0.896660979770899
0.703554803216251 0.766756032171582
0.721540414727042 0.783572995369242
0.704401184934405 0.774067755300999
0.74502750740584 0.829149402875945
0.684511214557766 0.763343894711187
0.668429961912823 0.7355593468194
0.676047397376217 0.733122105776261
0.699322894625476 0.770899341944918
0.654464663563267 0.697538386546429
0.692763436309776 0.749451620765294
0.752856538298773 0.874482086278333
0.671392297926365 0.764318791128443
0.683241641980533 0.757981964416281
0.699746085484554 0.760906653668048
0.685992382564537 0.758225688520595
0.769360981802793 0.829393126980258
0.689166314007617 0.744089690470388
0.677316969953449 0.787716305142579
0.717096910706729 0.779673409700219
0.6688531527719 0.730197416524494
0.68218366483284 0.743358518157446
0.691493863732543 0.801608579088472
0.687896741430385 0.763343894711187
0.69212865002116 0.743114794053132
0.685146000846382 0.785522788203753
0.664621244181126 0.709237143553497
0.699534490055015 0.753351206434316
0.68874312314854 0.770411893736291
0.658484976724503 0.705337557884475
0.731696995344901 0.772117962466488
0.704824375793483 0.76041920545942
0.684299619128227 0.735803070923714
0.692763436309776 0.779185961491591
0.68218366483284 0.730684864733122
0.685146000846382 0.72434803802096
0.810833685992383 0.803070923714355
0.692551840880237 0.774798927613941
0.663351671603893 0.729709968315866
0.670969107067287 0.722885693395077
0.68387642826915 0.793321959541799
0.691282268303005 0.745795759200585
0.695514176893779 0.759444309042164
0.696572154041473 0.755788447477456
0.739949217096911 0.767730928588837
0.708421498095641 0.796002924689252
0.715404147270419 0.760175481355106
0.703977994075328 0.798927613941019
0.654464663563267 0.701437972215452
0.678163351671604 0.751888861808433
0.68049090139653 0.781623202534731
0.706517139229793 0.751157689495491
0.719424460431655 0.837679746526932
0.71519255184088 0.737752863758226
0.773592890393568 0.770655617840605
0.694667795175624 0.74920789666098
0.674354633939907 0.776748720448452
0.69043588658485 0.8020960272971
0.687685146000846 0.737265415549598
0.711383834109183 0.782598098951986
0.704189589504867 0.752376310017061
0.703766398645789 0.728003899585669
0.68387642826915 0.750670241286863
0.719424460431655 0.768462100901779
0.752856538298773 0.798927613941019
0.722175201015658 0.802827199610042
0.687896741430385 0.774798927613941
0.75835801946678 0.799415062149647
0.679856115107914 0.723373141603705
0.656157426999577 0.720692176456252
0.684934405416843 0.796734097002194
0.755184088023699 0.769193273214721
0.698053322048244 0.747501827930782
0.684934405416843 0.728003899585669
0.697418535759628 0.757738240311967
0.755395683453237 0.781379478430417
0.670969107067287 0.739458932488423
0.683664832839611 0.7355593468194
0.704824375793483 0.761150377772362
0.678586542530681 0.7355593468194
0.688108336859924 0.731659761150378
0.688954718578079 0.757738240311967
0.688954718578079 0.7548135510602
0.686627168853153 0.744820862783329
0.679856115107914 0.718498659517426
0.692551840880237 0.757007067999025
0.704401184934405 0.826224713624177
0.713076597545493 0.785766512308067
0.661447312738045 0.751157689495491
0.681125687685146 0.752863758225689
0.68705035971223 0.745308310991957
0.684088023698688 0.74238362174019
0.707786711807025 0.794296855959054
0.678163351671604 0.731903485254692
0.69043588658485 0.749695344869608
0.679644519678375 0.735803070923714
0.666525603046974 0.723860589812333
0.709902666102412 0.797952717523763
0.690224291155311 0.744089690470388
0.737833262801524 0.783085547160614
0.680914092255607 0.741896173531562
0.722386796445197 0.734097002193517
0.68874312314854 0.743114794053132
0.672661870503597 0.733122105776261
0.702285230639018 0.767730928588837
0.673085061362675 0.735071898610773
0.685569191705459 0.744820862783329
0.70207363520948 0.749695344869608
0.689589504866695 0.731416037046064
0.71032585696149 0.756032171581769
0.701227253491325 0.763100170606873
0.674354633939907 0.730684864733122
0.695725772323318 0.739215208384109
0.681125687685146 0.732878381671947
0.721752010156581 0.792590787228857
0.704189589504867 0.747014379722155
0.688531527719001 0.728247623689983
0.674143038510368 0.722885693395077
0.718366483283961 0.759444309042164
0.687261955141769 0.754569826955886
0.714346170122725 0.770411893736291
0.673931443080829 0.74798927613941
0.854210749047821 0.855227882037534
0.721540414727042 0.71874238362174
0.67710537452391 0.740921277114307
0.683241641980533 0.71996100414331
0.752010156580618 0.783085547160614
0.678586542530681 0.729466244211553
0.700592467202708 0.777967340970022
0.718789674143039 0.75359493053863
0.691493863732543 0.765049963441384
0.793482860770207 0.777479892761394
0.665890816758358 0.738240311966854
0.699534490055015 0.752863758225689
0.714346170122725 0.73799658786254
0.67710537452391 0.743845966366074
0.695090986034702 0.752863758225689
0.707575116377486 0.792347063124543
0.702920016927634 0.748233000243724
0.691705459162082 0.721667072873507
0.703977994075328 0.759931757250792
0.716673719847651 0.758469412624909
0.674354633939907 0.716061418474287
0.68535759627592 0.746526931513527
0.695514176893779 0.764562515232757
0.747143461701227 0.79088471849866
0.707575116377486 0.73677796734097
0.666737198476513 0.719473555934682
0.67710537452391 0.751645137704119
0.679856115107914 0.751888861808433
0.684934405416843 0.729222520107239
0.726195514176894 0.759444309042164
0.695937367752857 0.749939068973922
0.658696572154041 0.686327077747989
0.702920016927634 0.719229831830368
0.696783749471011 0.776261272239825
0.678586542530681 0.726297830855472
0.700804062632247 0.769436997319035
0.680914092255607 0.754569826955886
0.707998307236564 0.812819887886912
0.704612780363944 0.752620034121375
0.69212865002116 0.76163782598099
0.707998307236564 0.760175481355106
0.705035971223022 0.744089690470388
0.68387642826915 0.735315622715087
0.671603893355904 0.731416037046064
0.730004231908591 0.773580307092372
0.686838764282692 0.726297830855472
0.691070672873466 0.737752863758226
0.699322894625476 0.725810382646844
0.693821413457469 0.740677553009993
0.662505289885738 0.699975627589569
0.695090986034702 0.76480623933707
0.694033008887008 0.736290519132342
0.718789674143039 0.753107482330003
0.701438848920863 0.739458932488423
0.713499788404571 0.757494516207653
0.700592467202708 0.747258103826468
0.69043588658485 0.774067755300999
0.686838764282692 0.747745552035096
0.711172238679645 0.747745552035096
0.716250528988574 0.745064586887643
0.691070672873466 0.734828174506459
0.675835801946678 0.720448452351938
0.687261955141769 0.72995369242018
0.712653406686416 0.783572995369242
0.695090986034702 0.753107482330003
0.703766398645789 0.735803070923714
0.665467625899281 0.717523763100171
0.691917054591621 0.751645137704119
0.691493863732543 0.752620034121375
0.69699534490055 0.75359493053863
0.694033008887008 0.732147209359006
0.69530258146424 0.748720448452352
0.687473550571308 0.746039483304899
0.68874312314854 0.750182793078236
0.705882352941177 0.738971484279795
0.695090986034702 0.7548135510602
0.686203977994075 0.747258103826468
0.702496826068557 0.751401413599805
0.68874312314854 0.738484036071167
0.673931443080829 0.726054106751158
0.692551840880237 0.734097002193517
0.688319932289463 0.729222520107239
0.705882352941177 0.747258103826468
0.699534490055015 0.745795759200585
0.681760473973762 0.740921277114307
0.699111299195937 0.750913965391177
0.68705035971223 0.742871069948818
0.703977994075328 0.762368998293931
0.668006771053745 0.721423348769193
0.696572154041473 0.750426517182549
0.698899703766399 0.755057275164514
0.690224291155311 0.76724348038021
0.696360558611934 0.74920789666098
0.696360558611934 0.743845966366074
0.703766398645789 0.756763343894711
0.690647482014389 0.757007067999025
0.691705459162082 0.738484036071167
0.688108336859924 0.743358518157446
0.693398222598392 0.739215208384109
0.687473550571308 0.732147209359006
0.707363520947948 0.761150377772362
0.697206940330089 0.761394101876676
0.737410071942446 0.791859614915915
0.681760473973762 0.762368998293931
0.68218366483284 0.746770655617841
0.695090986034702 0.744333414574702
0.70524756665256 0.7548135510602
0.694033008887008 0.750182793078236
0.682395260262378 0.748964172556666
0.68218366483284 0.724104313916646
0.676893779094372 0.741652449427248
0.698053322048244 0.761150377772362
0.694244604316547 0.743114794053132
0.688319932289463 0.743358518157446
0.702708421498096 0.776504996344138
0.704401184934405 0.751645137704119
0.68874312314854 0.753107482330003
0.685569191705459 0.741896173531562
0.697206940330089 0.755788447477456
0.699534490055015 0.755300999268828
0.686627168853153 0.737752863758226
0.68218366483284 0.738727760175481
0.691070672873466 0.73799658786254
0.702285230639018 0.76602485985864
0.697418535759628 0.748720448452352
0.692975031739314 0.741652449427248
0.703343207786712 0.753838654642944
0.686415573423614 0.747014379722155
0.682395260262378 0.743114794053132
0.684088023698688 0.740433828905679
0.692551840880237 0.739702656592737
0.685992382564537 0.753838654642944
0.684299619128227 0.737265415549598
0.69212865002116 0.736534243236656
0.675624206517139 0.731416037046064
0.688108336859924 0.748964172556666
0.692975031739314 0.751645137704119
0.697841726618705 0.751401413599805
0.703766398645789 0.766756032171582
0.692551840880237 0.746039483304899
0.701862039779941 0.748233000243724
0.694879390605163 0.744577138679015
0.697206940330089 0.751401413599805
0.688319932289463 0.737752863758226
0.698053322048244 0.749939068973922
0.688531527719001 0.747258103826468
0.689166314007617 0.751157689495491
0.691917054591621 0.746526931513527
0.694456199746086 0.746526931513527
0.696360558611934 0.756519619790397
0.695937367752857 0.749939068973922
