0.603550295857988 0.598510494245091
0.674556213017752 0.640487474610697
0.651627218934911 0.582261340555179
0.625 0.660798916723087
0.730769230769231 0.728503723764387
0.723372781065089 0.66824644549763
0.68491124260355 0.689234935680433
0.730769230769231 0.713608666215301
0.63905325443787 0.603926878808395
0.556213017751479 0.565335138794854
0.678994082840237 0.644549763033175
0.738905325443787 0.686526743398781
0.662721893491124 0.648612051455653
0.770710059171598 0.711577522004062
0.681213017751479 0.645903859174001
0.680473372781065 0.665538253215978
0.677514792899408 0.666892349356804
0.696745562130178 0.670954637779282
0.764792899408284 0.658767772511848
0.773668639053255 0.872037914691943
0.655325443786982 0.626269465132024
0.728550295857988 0.690589031821259
0.671597633136095 0.640487474610697
0.713757396449704 0.713608666215301
0.707100591715976 0.6614759647935
0.752218934911243 0.728503723764387
0.653846153846154 0.636425186188219
0.725591715976331 0.771157752200406
0.678994082840237 0.643872714962762
0.619082840236686 0.557210561949899
0.661242603550296 0.631008801624915
0.643491124260355 0.617467840216655
0.663461538461538 0.65470548408937
0.777366863905325 0.69532836831415
0.691568047337278 0.677048070412999
0.864644970414201 0.788761002031144
0.701923076923077 0.721056194989844
0.687130177514793 0.631008801624915
0.72189349112426 0.663507109004739
0.744822485207101 0.663507109004739
0.740384615384615 0.711577522004062
0.715236686390533 0.651320243737305
0.64792899408284 0.647257955314827
0.73594674556213 0.700744752877454
0.726331360946746 0.671631685849695
0.72707100591716 0.714285714285714
0.718195266272189 0.752877454299255
0.643491124260355 0.60731211916046
0.712278106508876 0.68178740690589
0.67603550295858 0.653351387948544
0.680473372781065 0.667569397427217
0.7551775147929 0.662153012863913
0.660502958579882 0.628300609343263
0.732988165680473 0.694651320243737
0.755917159763314 0.737982396750169
0.693047337278107 0.672308733920108
0.559171597633136 0.538930264048747
0.716715976331361 0.677725118483412
0.718934911242604 0.99322951929587
0.670857988165681 0.669600541638456
0.660502958579882 0.62762356127285
0.645710059171598 0.614759647935003
0.596153846153846 0.60054163845633
0.750739644970414 0.689911983750846
0.677514792899408 0.64793500338524
0.749260355029586 0.702775897088693
0.704881656804734 0.699390656736628
0.64792899408284 0.65470548408937
0.663461538461538 0.622884224779959
0.612426035502959 0.604603926878808
0.699704142011834 0.662830060934326
0.666420118343195 0.666215301286391
0.653846153846154 0.631008801624915
0.68491124260355 0.646580907244414
0.658284023668639 0.616790792146242
0.689349112426036 0.674339878131347
0.666420118343195 0.680433310765064
0.652366863905325 0.637102234258632
0.725591715976331 0.693974272173324
0.693047337278107 0.66824644549763
0.774408284023669 0.687880839539607
0.650887573964497 0.633716993906567
0.687869822485207 0.668923493568043
0.688609467455621 0.68855788761002
0.683431952662722 0.640487474610697
0.655325443786982 0.630331753554502
0.652366863905325 0.644549763033175
0.661242603550296 0.635071090047393
0.636094674556213 0.605958023019634
0.66198224852071 0.641841570751523
0.627958579881657 0.587000677048071
0.652366863905325 0.643872714962762
0.683431952662722 0.670954637779282
0.678254437869823 0.683141503046716
0.680473372781065 0.698713608666215
0.656065088757396 0.625592417061611
0.659763313609468 0.699390656736628
0.687130177514793 0.662830060934326
0.670857988165681 0.619498984427894
0.630917159763314 0.61408259986459
0.655325443786982 0.616790792146242
0.641272189349112 0.618144888287068
0.680473372781065 0.648612051455653
0.673076923076923 0.637102234258632
0.734467455621302 0.70209884901828
0.652366863905325 0.63439404197698
0.621301775147929 0.601895734597156
0.992603550295858 0.71563981042654
0.639792899408284 0.612051455653351
0.710798816568047 0.740013540961408
0.643491124260355 0.613405551794178
0.677514792899408 0.599187542315504
0.654585798816568 0.637102234258632
0.695266272189349 0.66824644549763
0.669378698224852 0.665538253215978
0.66198224852071 0.658090724441435
0.674556213017752 0.646580907244414
0.647189349112426 0.638456330399458
0.740384615384615 0.652674339878131
0.695266272189349 0.699390656736628
0.696745562130178 0.674339878131347
0.663461538461538 0.639133378469871
0.669378698224852 0.633716993906567
0.672337278106509 0.643195666892349
0.711538461538462 0.656059580230196
0.637573964497041 0.620176032498307
0.666420118343195 0.643872714962762
0.670857988165681 0.649289099526066
0.650887573964497 0.615436696005416
0.636094674556213 0.613405551794178
0.636834319526627 0.618821936357481
0.659023668639053 0.644549763033175
0.660502958579882 0.660798916723087
0.786242603550296 0.671631685849695
0.651627218934911 0.624915368991198
0.684171597633136 0.643872714962762
0.670857988165681 0.666215301286391
0.670857988165681 0.630331753554502
0.63905325443787 0.616790792146242
0.709319526627219 0.665538253215978
0.688609467455621 0.691266079891672
0.66715976331361 0.642518618821936
0.670118343195266 0.640487474610697
0.65310650887574 0.601895734597156
0.651627218934911 0.619498984427894
0.675295857988166 0.646580907244414
0.648668639053255 0.622207176709546
0.711538461538462 0.649966147596479
0.640532544378698 0.635071090047393
0.652366863905325 0.630331753554502
0.647189349112426 0.618144888287068
0.749260355029586 0.657413676371022
0.704881656804734 0.679756262694651
0.644230769230769 0.618821936357481
0.702662721893491 0.677048070412999
0.669378698224852 0.644549763033175
0.707100591715976 0.658767772511848
0.654585798816568 0.637102234258632
0.678254437869823 0.662830060934326
0.678994082840237 0.631685849695328
0.641272189349112 0.621530128639133
0.620562130177515 0.628300609343263
0.628698224852071 0.595125253893026
0.660502958579882 0.616790792146242
0.675295857988166 0.649289099526066
0.677514792899408 0.637102234258632
0.65310650887574 0.629654705484089
0.71301775147929 0.66824644549763
0.681213017751479 0.645903859174001
0.663461538461538 0.633716993906567
0.664201183431953 0.626269465132024
0.676775147928994 0.668923493568043
0.650887573964497 0.610697359512525
0.639792899408284 0.620176032498307
0.67603550295858 0.653351387948544
0.685650887573965 0.645903859174001
0.656804733727811 0.626946513202437
0.688609467455621 0.656736628300609
0.652366863905325 0.637779282329045
0.677514792899408 0.640487474610697
0.659023668639053 0.622884224779959
0.654585798816568 0.628300609343263
0.63905325443787 0.628977657413676
0.668639053254438 0.636425186188219
0.678994082840237 0.663507109004739
0.664940828402367 0.640487474610697
0.685650887573965 0.65470548408937
0.674556213017752 0.657413676371022
0.66715976331361 0.643872714962762
0.658284023668639 0.646580907244414
0.66715976331361 0.646580907244414
0.665680473372781 0.64116452268111
0.660502958579882 0.64116452268111
0.664201183431953 0.646580907244414
0.642751479289941 0.616790792146242
0.661242603550296 0.637102234258632
0.671597633136095 0.643195666892349
0.709319526627219 0.672985781990521
0.673816568047337 0.633716993906567
0.65310650887574 0.624238320920785
0.677514792899408 0.652674339878131
0.658284023668639 0.637779282329045
0.670118343195266 0.653351387948544
0.676775147928994 0.648612051455653
0.657544378698225 0.628300609343263
0.675295857988166 0.651320243737305
0.691568047337278 0.660798916723087
0.674556213017752 0.645226811103588
0.672337278106509 0.659444820582261
0.66715976331361 0.639133378469871
0.678254437869823 0.647257955314827
0.678994082840237 0.656736628300609
0.677514792899408 0.655382532159783
0.664940828402367 0.656059580230196
0.665680473372781 0.633716993906567
0.663461538461538 0.670277589708869
0.68491124260355 0.641841570751523
0.673816568047337 0.652674339878131
0.678254437869823 0.650643195666892
0.672337278106509 0.629654705484089
0.666420118343195 0.645903859174001
0.657544378698225 0.63439404197698
0.693786982248521 0.664861205145565
0.664940828402367 0.643195666892349
0.664940828402367 0.642518618821936
0.670857988165681 0.637102234258632
0.681213017751479 0.652674339878131
0.651627218934911 0.649289099526066
0.662721893491124 0.630331753554502
0.677514792899408 0.64116452268111
0.674556213017752 0.645226811103588
0.646449704142012 0.621530128639133
0.667899408284024 0.636425186188219
0.66715976331361 0.639810426540284
0.662721893491124 0.649966147596479
0.693786982248521 0.6614759647935
0.674556213017752 0.645226811103588
0.667899408284024 0.643872714962762
0.665680473372781 0.646580907244414
0.667899408284024 0.643872714962762
0.667899408284024 0.614759647935003
0.681952662721893 0.639810426540284
0.657544378698225 0.625592417061611
